{
  "nbformat": 4,
  "nbformat_minor": 0,
  "metadata": {
    "colab": {
      "provenance": [],
      "authorship_tag": "ABX9TyPm7k6wFow8qQAlGZEGrwSl",
      "include_colab_link": true
    },
    "kernelspec": {
      "name": "python3",
      "display_name": "Python 3"
    },
    "language_info": {
      "name": "python"
    }
  },
  "cells": [
    {
      "cell_type": "markdown",
      "metadata": {
        "id": "view-in-github",
        "colab_type": "text"
      },
      "source": [
        "<a href=\"https://colab.research.google.com/github/tehjiajie6754/data_science_w2/blob/main/Tutorial03_WIX1007.ipynb\" target=\"_parent\"><img src=\"https://colab.research.google.com/assets/colab-badge.svg\" alt=\"Open In Colab\"/></a>"
      ]
    },
    {
      "cell_type": "code",
      "execution_count": null,
      "metadata": {
        "colab": {
          "base_uri": "https://localhost:8080/"
        },
        "id": "zxX_Nwca22N5",
        "outputId": "dc424e51-a65e-4a2c-b15c-114ae6ffce78"
      },
      "outputs": [
        {
          "output_type": "stream",
          "name": "stdout",
          "text": [
            "(2, 2)\n",
            "[[1 2]\n",
            " [3 4]]\n"
          ]
        }
      ],
      "source": [
        "import numpy as np\n",
        "#1. Create a numpy array of size 2 x 2\n",
        "a = np.array([[1,2],[3,4]])\n",
        "print(a.shape)\n",
        "print(a)"
      ]
    },
    {
      "cell_type": "code",
      "source": [
        "#2. Create a random numpy array of size 3 x 4\n",
        "b = np.random.random((3,4))\n",
        "print(b.shape)\n",
        "print(b)"
      ],
      "metadata": {
        "colab": {
          "base_uri": "https://localhost:8080/"
        },
        "id": "-0gMBT_U4Gji",
        "outputId": "e7660f87-f821-4af0-950f-3f26ff985e73"
      },
      "execution_count": null,
      "outputs": [
        {
          "output_type": "stream",
          "name": "stdout",
          "text": [
            "(3, 4)\n",
            "[[0.54209384 0.65250637 0.3946527  0.20044364]\n",
            " [0.83412644 0.47572279 0.61748569 0.60134633]\n",
            " [0.1332052  0.31821049 0.29124722 0.3608142 ]]\n"
          ]
        }
      ]
    },
    {
      "cell_type": "code",
      "source": [
        "#3. Create a numpy array of ones and a numpy array of zeroes\n",
        "c = np.ones((2,2))\n",
        "d = np.zeros((2,2))\n",
        "print(c)\n",
        "print(d)"
      ],
      "metadata": {
        "colab": {
          "base_uri": "https://localhost:8080/"
        },
        "id": "ss86mK9N44rb",
        "outputId": "b0a1d126-4ef5-4b04-e46f-faeb697316c7"
      },
      "execution_count": null,
      "outputs": [
        {
          "output_type": "stream",
          "name": "stdout",
          "text": [
            "[[1. 1.]\n",
            " [1. 1.]]\n",
            "[[0. 0.]\n",
            " [0. 0.]]\n"
          ]
        }
      ]
    },
    {
      "cell_type": "code",
      "source": [
        "#4. Create a random numpy array of size 6x3 and transpose it\n",
        "e = np.random.random((6,3))\n",
        "print(e)\n",
        "print(\"\\nAfter transpose: \")\n",
        "print(e.T)"
      ],
      "metadata": {
        "colab": {
          "base_uri": "https://localhost:8080/"
        },
        "id": "2rLTb5bf4_8j",
        "outputId": "ba19d403-60f3-4dbf-a187-94ffe9a8572a"
      },
      "execution_count": null,
      "outputs": [
        {
          "output_type": "stream",
          "name": "stdout",
          "text": [
            "[[0.51794421 0.01961174 0.56748548]\n",
            " [0.62977021 0.52081488 0.99319072]\n",
            " [0.34636406 0.38659728 0.01704319]\n",
            " [0.5468752  0.48215627 0.8561863 ]\n",
            " [0.44931911 0.21263889 0.68826398]\n",
            " [0.96225317 0.94565225 0.51706593]]\n",
            "\n",
            "After transpose\n",
            "[[0.51794421 0.62977021 0.34636406 0.5468752  0.44931911 0.96225317]\n",
            " [0.01961174 0.52081488 0.38659728 0.48215627 0.21263889 0.94565225]\n",
            " [0.56748548 0.99319072 0.01704319 0.8561863  0.68826398 0.51706593]]\n"
          ]
        }
      ]
    },
    {
      "cell_type": "code",
      "source": [
        "#5. Create two random numpy array of size n x p and p x m and then compute the dot product\n",
        "f = np.random.random((2,3))\n",
        "g = np.random.random((3,4))\n",
        "print(f)\n",
        "print(g)\n",
        "print(\"\\nAfter dot product: \")\n",
        "print(np.dot(f,g))"
      ],
      "metadata": {
        "id": "r0QckWPK5T5L",
        "colab": {
          "base_uri": "https://localhost:8080/"
        },
        "outputId": "94e5a13f-174f-4346-c29b-5f1908cb46b9"
      },
      "execution_count": 12,
      "outputs": [
        {
          "output_type": "stream",
          "name": "stdout",
          "text": [
            "[[0.90589311 0.00729291 0.5629435 ]\n",
            " [0.33476447 0.57714672 0.95261509]]\n",
            "[[0.56256088 0.5606212  0.52720585 0.41447643]\n",
            " [0.48565007 0.56422544 0.24045263 0.58296332]\n",
            " [0.90144779 0.44323127 0.77734458 0.96508855]]\n",
            "\n",
            "After dot product: \n",
            "[[1.020626   0.76149189 0.91694682 0.92301316]\n",
            " [1.3273495  0.93554571 1.0557764  1.39456526]]\n"
          ]
        }
      ]
    }
  ]
}